142
10100
10105
10120
10130
10400
11300
11400
11410
11500
11600
11700
11701
11900
11905
12000
12010
12100
12200
12500
12599
12600
12700
12799
12800
12900
13000
13010
13499
13500
13699
13700
13899
13900
14099
14100
14299
14300
14400
14500
14600
14700
15000
20600
20700
20800
20810
21000
21200
21300
21400
21500
21699
21700
21900
21999
22000
22100
22200
22215
22400
22900
23100
23200
23300
23400
23500
23600
30000
30100
30300
30400
30425
30450
30499
30500
30800
31000
31200
31217
31220
31240
31260
31270
31285
31300
31400
31600
31800
31900
32300
32400
32600
33099
33199
33200
33500
33800
34900
35000
40424
40400
40425
40427
42900
40500
40600
40900
41000
41200
41300
41400
41600
41700
41500
41800
42000
42100
42120
42200
42800
43500
43700
44000
44800
45000
45110
45200
45300
45400
45600
45700
46800
46900
47600
47900
48200
48400
48500
46500
46600
49000
48900
